63,4
63,3
63,2
63,1
63,0
62,3
62,2
62,1
62,0
61,3
61,2
61,1
61,0
60,3
60,2
60,1
60,0
59,4
59,3
59,2
59,1
59,0
58,3
58,2
58,1
58,0
57,3
57,2
57,1
57,0
56,35
10,278
10,256
10,112
10,100
10,186
10,226
10,152
11,14
11,26
11,6
11,18
11,28
11,20
11,16
9,4
9,6
8,10
8,16
8,6
8,18
14,1
14,3
13,1
13,3
2,2
2,1
2,3
55,4
55,3
55,2
55,1
55,0
53,4
53,3
53,2
53,1
53,0
20,3
20,2
20,1
19,3
19,2
19,1
18,3
18,1
12,3
12,2
12,1
11,27
11,19
11,15
11,11
11,9
11,3
11,2
11,1
10,289
10,269
10,205
10,193
10,171
10,155
10,127
10,1
10,113
10,3
